 Disprot_ID   Uniprot_ID   Unigene_ID   Num_Hom   Tot_Res  Dis_Res  Ord_Res   %_Dis    %_Ord   Dis_Reg  Coor                                                                                                
  DP00001       Q9HFQ6                    1019      108      108       0      100.0     0.0       1     [(0, 108)]
  DP00002       P02400                    852       110      110       0      100.0     0.0       1     [(0, 110)]
  DP00003       P03265                     43       529       53      476     10.02    89.98      3     [(296, 331), (400, 406), (452, 464)]
  DP00004       P49913      Hs.51120      266       170       0       170      0.0     100.0      0     []        
DP00004_C002    P49913      Hs.51120       31        37       37       0      100.0     0.0       1     [(0, 37)] 
  DP00005       P03045                     38       107      107       0      100.0     0.0       1     [(0, 107)]
  DP00006       P00004      Eca.1571      1237      104      104       0      100.0     0.0       1     [(0, 104)]
  DP00007       P27695      Hs.73722      1297      318       61      257     19.18    80.82      3     [(0, 43), (99, 112), (122, 127)]
  DP00008       Q64693       Mm.897        21       256      256       0      100.0     0.0       1     [(0, 256)]
  DP00009       P32774                    165       122       13      109     10.66    89.34      1     [(89, 102)]
  DP00011       P50224     Hs.460558      1763      295       72      223     24.41    75.59      5     [(0, 7), (63, 77), (90, 93), (215, 261), (293, 295)]
  DP00012       P13569     Hs.489786      6162      1480     124      1356     8.38    91.62      1     [(707, 831)]
  DP00013       P01233     Hs.172944      239       145       34      111     23.45    76.55      1     [(111, 145)]
  DP00014       P05371      Rn.1780        84       447      114      333      25.5     74.5      3     [(21, 41), (65, 97), (385, 447)]
  DP00015       P61926                     66        76       75       1      98.68     1.32      1     [(0, 75)] 
  DP00016       P38936     Hs.370771      177       164      164       0      100.0     0.0       1     [(0, 164)]
  DP00017       P49918     Hs.106070      165       316      316       0      100.0     0.0       1     [(0, 316)]
  DP00018       P46527     Hs.238990      186       198       26      172     13.13    86.87      2     [(21, 34), (95, 108)]
  DP00020       P11938                     68       827       14      813      1.69    98.31      2     [(564, 571), (578, 585)]
  DP00021       P13551                    2717      691       31      660      4.49    95.51      1     [(37, 68)]
  DP00022       P17639                     52        92       92       0      100.0     0.0       1     [(0, 92)] 
  DP00023       P14061     Hs.654385      3053      327       61      266     18.65    81.35      2     [(189, 207), (284, 327)]
  DP00024       P03129                    240        98       98       0      100.0     0.0       1     [(0, 98)] 
  DP00025       P14738                    712       1018     130      888     12.77    87.23      1     [(744, 874)]
  DP00026       P06179                    1942      494      105      389     21.26    78.74      2     [(0, 65), (454, 494)]
  DP00027       P26477                    511        97       97       0      100.0     0.0       1     [(0, 97)] 
  DP00028       Q13541     Hs.411641       84       118      118       0      100.0     0.0       1     [(0, 118)]
  DP00029       Q07731                    260       211       41      170     19.43    80.57      2     [(76, 113), (169, 173)]
  DP00030       P04150     Hs.122926      1874      777      500      277     64.35    35.65      1     [(0, 500)]
  DP00031       P13255      Rn.11142      2790      292       40      252      13.7     86.3      1     [(0, 40)] 
  DP00032       P56206                    1744      505       68      437     13.47    86.53      1     [(90, 158)]
  DP00033      P10912-1    Hs.125180      1371      638       0       638      0.0     100.0      0     []        
DP00033_C001    P10912     Hs.125180      1106      246       67      179     27.24    72.76      6     [(0, 32), (49, 62), (71, 78), (143, 148), (221, 226), (233, 238)]
  DP00034       P03661                     26       424       24      400      5.66    94.34      1     [(66, 90)]
  DP00035       P10824      Rn.11391      2068      354       42      312     11.86    88.14      2     [(0, 31), (343, 354)]
  DP00036       P22121                    1109      677      218      459      32.2     67.8      3     [(0, 195), (216, 222), (259, 276)]
  DP00037       Q9Y9L0                    2422      250       26      224      10.4     89.6      3     [(1, 8), (196, 206), (234, 243)]
  DP00038       P02316      Bt.87121      166       100       99       1       99.0     1.0       1     [(0, 99)] 
  DP00039       P05204     Hs.181163      160        89       89       0      100.0     0.0       1     [(0, 89)] 
  DP00040       P17096     Hs.518805       94       107      107       0      100.0     0.0       1     [(0, 107)]
  DP00041       P07746     Omy.32291      1696      204      204       0      100.0     0.0       1     [(0, 204)]
  DP00042       P02315                    147        70       69       1      98.57     1.43      1     [(1, 70)] 
  DP00043       P02929                    1263      239       49      190      20.5     79.5      1     [(102, 151)]
  DP00044       P02259     Gga.16744      659       189      106       83     56.08    43.92      2     [(0, 21), (100, 185)]
  DP00045       Q27796                    2020      220       30      190     13.64    86.36      1     [(190, 220)]
  DP00046       Q9QXN1      Rn.21926      1282      397      102      295     25.69    74.31      1     [(295, 397)]
  DP00047       P02687      Bt.64741       28       169      169       0      100.0     0.0       1     [(0, 169)]
  DP00048       P03406                    589       206      107       99     51.94    48.06      3     [(0, 73), (147, 178), (203, 206)]
  DP00049       P70475      Rn.10559      349       1187     120      1067    10.11    89.89      1     [(486, 606)]
  DP00050       P19246     Mm.298283      1387      1087     679      408     62.47    37.53      1     [(408, 1087)]
  DP00051       P07805                    1420      425       75      350     17.65    82.35      4     [(0, 35), (157, 165), (296, 311), (408, 425)]
  DP00052       P07214     Mm.291442      735       302      285       17     94.37     5.63      1     [(17, 302)]
  DP00053       P27001                    1556      350       85      265     24.29    75.71      1     [(0, 85)] 
  DP00054       P78356     Hs.260603      779       416       94      322      22.6     77.4      4     [(0, 33), (129, 137), (306, 341), (372, 390)]
  DP00055       P10688      Rn.12324      20.1      756      152      604     20.11    79.89      5     [(134, 206), (444, 488), (501, 517), (642, 653), (705, 714)]
  DP00057       P15340                     20        62       62       0      100.0     0.0       1     [(0, 62)] 
  DP00058       P06302       Rn.817        88       112      112       0      100.0     0.0       1     [(0, 112)]
  DP00060       P11409                    1672      323       50      273     15.48    84.52      2     [(69, 81), (165, 203)]
  DP00061       P27694     Hs.461925      1084      616       54      562      8.77    91.23      1     [(114, 168)]
  DP00062       P19793     Hs.590886      1458      462       26      436      5.63    94.37      2     [(168, 189), (201, 206)]
  DP00063       P49799      Rn.11065      1141      205       77      128     37.56    62.44      2     [(0, 50), (178, 205)]
  DP00064       P03607                     89       279       64      215     22.94    77.06      1     [(0, 64)] 
  DP00065       O86488                    2403      1315     555      760     42.21    57.79      1     [(568, 1123)]
  DP00066       P27285                     48       1245      0       1245     0.0     100.0      0     []        
DP00066_C001    P27285                     36       264      113      151      42.8     57.2      1     [(0, 113)]
  DP00067       Q57733                    1181      147       32      115     21.77    78.23      1     [(0, 32)] 
  DP00068       P60881     Rn.107689      638       206      206       0      100.0     0.0       1     [(0, 206)]
  DP00069       P63027      Hs.25348      815       116      116       0      100.0     0.0       1     [(0, 116)]
  DP00070      P37840-1     Hs.21374       77       140      140       0      100.0     0.0       1     [(0, 140)]
  DP00071       P23441      Rn.34265      1535      372      173      199     46.51    53.49      3     [(0, 157), (160, 169), (219, 226)]
  DP00072      Q8WZ42-1    Hs.134602                7962     2174     5788     27.3     72.7      1     [(5617, 7791)]
  DP00073       P04818     Hs.592338      1190      313       83      230     26.52    73.48      3     [(0, 27), (92, 132), (141, 157)]
  DP00074       P03372     Hs.208124      1997      595      211      384     35.46    64.54      3     [(0, 184), (220, 237), (252, 262)]
  DP00075       P11387     Hs.472737      616       765      319      446      41.7     58.3      2     [(0, 214), (619, 724)]
  DP00076       P06786                    3134      1428     358      1070    25.07    74.93      6     [(409, 420), (484, 489), (526, 531), (630, 681), (1071, 1107), (1178, 1428)]
  DP00077       P07248                    2461      1323      37      1286     2.8      97.2      2     [(74, 104), (154, 161)]
  DP00078       P01100     Hs.707896      864       380      165      215     43.42    56.58      1     [(215, 380)]
  DP00079      Q92731-1    Hs.525392      1820      530      103      427     19.43    80.57      1     [(0, 103)]
  DP00080       P15337      Rn.90061      858       341       60      281      17.6     82.4      1     [(100, 160)]
  DP00081       P51123      Dm.7380       2331      2068      67      2001     3.24    96.76      1     [(10, 77)]
  DP00082       P39935                    384       952       98      854     10.29    89.71      1     [(392, 490)]
  DP00083       P03069                    448       281       57      224     20.28    79.72      1     [(224, 281)]
  DP00084       P61244     Hs.285354      1170      160      110       50     68.75    31.25      1     [(0, 110)]
DP00084_A002   P61244-2    Hs.285354      1171      151       69       82      45.7     54.3      2     [(0, 12), (94, 151)]
  DP00085       Q04206     Hs.502875      230       551      123      428     22.32    77.68      1     [(428, 551)]
  DP00086       P04637     Hs.654481      154       393      115      278     29.26    70.74      7     [(0, 73), (182, 188), (199, 200), (223, 227), (290, 312), (318, 323), (356, 360)]
  DP00087       P68336                     18       490      133      357     27.14    72.86      2     [(349, 394), (402, 490)]
  DP00088       P0ABI8                    2187      663      202      461     30.47    69.53      5     [(0, 51), (81, 95), (179, 185), (520, 540), (552, 663)]
  DP00089       P0ABJ1                    1752      315       59      256     18.73    81.27      2     [(0, 26), (282, 315)]
  DP00090      Q14722-2    Hs.654519      1645      401       62      339     15.46    84.54      1     [(0, 62)] 
  DP00091       P27088       Xl.902       248       267      169       98      63.3     36.7      2     [(0, 84), (180, 265)]
  DP00092       Q08209     Hs.435512      2313      521      161      360      30.9     69.1      2     [(0, 13), (373, 521)]
  DP00094       P04177      Rn.11082      1372      498      155      343     31.12    68.88      1     [(0, 155)]
  DP00095       P00952                    1675      419      100      319     23.87    76.13      1     [(319, 419)]
  DP00096       Q9HKT1                    1132      262       15      247      5.73    94.27      1     [(178, 193)]
  DP00097       P10922      Mm.24350      650       193      128       65     66.32    33.68      2     [(0, 30), (95, 193)]
  DP00098       Q53654                    1672      1183      18      1165     1.52    98.48      1     [(150, 168)]
  DP00099       P50440      Hs.75335      6.1       423       26      397      6.15    93.85      1     [(37, 63)]
  DP00100       P0A6H5                    3172      443       35      408      7.9      92.1      1     [(174, 209)]
  DP00101       P12493                    1781      500       0       500      0.0     100.0      0     []        
DP00101_C006    P12493                    575        52       36       16     69.23    30.77      3     [(0, 13), (18, 32), (43, 52)]
  DP00102       P10587      Gga.3225      4617      1979     118      1861     5.96    94.04      10    [(0, 33), (49, 55), (199, 217), (370, 374), (405, 415), (451, 457), (545, 549), (572, 577), (626, 656), (789, 791)]
  DP00103       P09372                    1278      197       8       189      4.06    95.94      1     [(107, 115)]
  DP00104       P32773                    184       286       31      255     10.84    89.16      1     [(209, 240)]
  DP00105       Q59471                    156       224       45      179     20.09    79.91      1     [(0, 45)] 
  DP00106       Q59472                     83       173       36      137     20.81    79.19      1     [(0, 36)] 
  DP00107       P69924                    1183      376       35      341      9.31    90.69      1     [(341, 376)]
  DP00108       P07598                    3191      421       24      397      5.7      94.3      1     [(397, 421)]
  DP00110       P40881                    1687      247       37      210     14.98    85.02      1     [(0, 37)] 
  DP00111       P27577     Mm.292415      435       440      107      333     24.32    75.68      2     [(0, 49), (243, 301)]
  DP00112       P22239                    312       155      155       0      100.0     0.0       1     [(0, 155)]
  DP00113       P31109                    805       117       93       24     79.49    20.51      1     [(0, 93)] 
  DP00114       P04350     Hs.110837      1520      444       51      393     11.49    88.51      1     [(393, 444)]
  DP00116       P81455                     73        49       49       0      100.0     0.0       1     [(0, 49)] 
  DP00117       P60058     Cfa.40294      266        68       35       33     51.47    48.53      2     [(0, 9), (17, 43)]
  DP00118       P05059      Bt.49630       62       449       25      424      5.57    94.43      1     [(406, 431)]
  DP00119       P10163     Hs.528651      108       310      294       16     94.84     5.16      1     [(16, 310)]
  DP00120       P12957      Gga.4988      128       771      136      635     17.64    82.36      1     [(635, 771)]
  DP00121       Q51912                    315       719       78      641     10.85    89.15      2     [(0, 17), (94, 155)]
  DP00122       P15146      Rn.10484      222       1861     1861      0      100.0     0.0       1     [(0, 1861)]
  DP00123       P01730     Hs.631659      2855      458       38      420      8.3      91.7      1     [(420, 458)]
  DP00124       P23389      Bt.5448        53       646      646       0      100.0     0.0       1     [(0, 646)]
  DP00125       P63292      Bt.45045      156       106       29       77     27.36    72.64      1     [(30, 59)]
  DP00126      P10636-8    Hs.101174      203       441      441       0      100.0     0.0       1     [(0, 441)]
  DP00127       Q06556                     99       1091     160      931     14.67    85.33      1     [(809, 969)]
  DP00128       P40357                    374       651      651       0      100.0     0.0       1     [(0, 651)]
  DP00129       Q04207     Mm.249966      236       549      304      245     55.37    44.63      2     [(18, 304), (308, 326)]
  DP00130       P22531     Hs.568518       58        72       45       27      62.5     37.5      2     [(0, 20), (47, 72)]
  DP00131       Q91006      Gga.2614      1619      359       92      267     25.63    74.37      1     [(0, 92)] 
  DP00132       P07221      Ocu.6275      2347      395      395       0      100.0     0.0       1     [(0, 395)]
  DP00133       P03422                     73       507      316      191     62.33    37.67      3     [(0, 230), (375, 458), (488, 491)]
  DP00134       Q06787     Hs.103183      382       632      259      373     40.98    59.02      2     [(280, 422), (515, 632)]
  DP00135       P10961                    1081      833      167      666     20.05    79.95      1     [(0, 167)]
  DP00136       P15865     Rn.196361      708       217      217       0      100.0     0.0       1     [(0, 217)]
  DP00137       P01050                     8         65       16       49     24.62    75.38      1     [(49, 65)]
  DP00138       P12272     Hs.591159       64       177       18      159     10.17    89.83      3     [(0, 4), (8, 15), (27, 34)]
  DP00140       P0A7L8                    932        85       85       0      100.0     0.0       1     [(0, 85)] 
  DP00141      O95405-1    Hs.532345      1216      1425      89      1336     6.25    93.75      1     [(764, 853)]
  DP00142       P14602      Mm.13849      1397      209       18      191      8.61    91.39      1     [(191, 209)]
  DP00143       P0A7N9                    839        55       55       0      100.0     0.0       1     [(0, 55)] 
  DP00144       Q9VAN6      Dm.4801       130       276      175      101     63.41    36.59      1     [(0, 175)]
  DP00145       P0A7S3                    574       124      124       0      100.0     0.0       1     [(0, 124)]
  DP00146       P0A7T7                    1010       75       75       0      100.0     0.0       1     [(0, 75)] 
  DP00147       P0A7U3                    960        92       92       0      100.0     0.0       1     [(0, 92)] 
  DP00148       P03347                    1779      512       0       512      0.0     100.0      0     []        
DP00148_C004    P03347                    1021       55       55       0      100.0     0.0       1     [(0, 55)] 
  DP00151       P02547                    1303      549      106      443     19.31    80.69      1     [(443, 549)]
  DP00152       Q13426     Hs.567359      138       336       93      243     27.68    72.32      2     [(76, 82), (178, 265)]
  DP00153       P01112      Hs.37003      1809      189       63      126     33.33    66.67      6     [(9, 16), (20, 21), (26, 40), (56, 72), (106, 109), (167, 189)]
  DP00154       P29353     Hs.433795      1469      583       55      528      9.43    90.57      2     [(127, 166), (302, 318)]
  DP00155       P32851      Rn.9943       1348      288       34      254     11.81    88.19      1     [(148, 182)]
  DP00156       P54725     Hs.643267      1477      363      147      216      40.5     59.5      3     [(78, 160), (200, 231), (282, 316)]
  DP00157       Q56027                     7        684      115      569     16.81    83.19      2     [(424, 512), (657, 684)]
  DP00158       P73124                    118        65       65       0      100.0     0.0       1     [(0, 65)] 
  DP00159       P09803      Mm.35605      3082      884      149      735     16.86    83.14      1     [(735, 884)]
  DP00160       P04851                     66       525      125      400     23.81    76.19      1     [(400, 525)]
  DP00161       P77173                    358       328      147      181     44.82    55.18      1     [(38, 185)]
  DP00162       O75324     Hs.700592       8         88       23       65     26.14    73.86      1     [(35, 58)]
  DP00163       Q03768                    828       265      265       0      100.0     0.0       1     [(0, 265)]
  DP00164       P05318                    1058      106      106       0      100.0     0.0       1     [(0, 106)]
  DP00165       P0AFI7                    1216      218       64      154     29.36    70.64      2     [(0, 16), (127, 175)]
  DP00166       P19429     Hs.709179      41.9      210       88      122      41.9     58.1      4     [(30, 34), (65, 89), (136, 148), (162, 210)]
  DP00167       P10114     Hs.508480      1774      183       23      160     12.57    87.43      3     [(31, 36), (44, 55), (59, 66)]
  DP00168       Q9NVS9     Hs.631742      1333      261       48      213     18.39    81.61      1     [(0, 48)] 
  DP00169       P32882      Gga.1815      1605      445       32      413      7.19    92.81      3     [(393, 407), (411, 414), (430, 445)]
  DP00170       Q39805     Gma.33428      102       226      226       0      100.0     0.0       1     [(0, 226)]
  DP00171       P04049     Hs.159130      3126      648       34      614      5.25    94.75      9     [(50, 55), (63, 64), (72, 76), (101, 108), (112, 117), (131, 132), (135, 138), (145, 150), (184, 187)]
  DP00172       Q16633     Hs.654525       21       256       23      233      8.98    91.02      2     [(0, 16), (37, 44)]
  DP00173      O00273-1    Hs.484782      184       331      116      215     35.05    64.95      1     [(0, 116)]
  DP00174       P16949     Hs.209983       84       149      149       0      100.0     0.0       1     [(0, 149)]
  DP00175       Q9NQB0     Hs.593995      1245      619       56      563      9.05    90.95      1     [(0, 56)] 
  DP00176       P42512                    2235      720       46      674      6.39    93.61      3     [(37, 55), (503, 513), (550, 568)]
  DP00177       Q9Y5B0     Hs.465490      1565      961       83      878      8.64    91.36      1     [(878, 961)]
  DP00179       P01094                     4         68       36       32     52.94    47.06      1     [(32, 68)]
  DP00180       P19972                     1        222       0       222      0.0     100.0      0     []        
DP00180_C003    P19972                     2         77       77       0      100.0     0.0       1     [(0, 77)] 
  DP00181       P08775      Mm.16533      2430      1970     368      1602    18.68    81.32      1     [(1591, 1959)]
  DP00182      P03087-1                    70       362      173      189     47.79    52.21      2     [(0, 107), (296, 362)]
  DP00183       P48632                    3531      815       6       809      0.74    99.26      1     [(128, 134)]
  DP00184       P11473     Hs.524368      1567      427       4       423      0.94    99.06      1     [(423, 427)]
  DP00185       P93165       Gma.10        53       105      105       0      100.0     0.0       1     [(0, 105)]
  DP00186       Q95V77                     1        143      143       0      100.0     0.0       1     [(0, 143)]
  DP00187       P04273                     78       254       96      158      37.8     62.2      1     [(28, 124)]
  DP00188       P12359                    74.7      332      248       84      74.7     25.3      1     [(84, 332)]
  DP00189       P04324                    590       206       43      163     20.87    79.13      3     [(1, 16), (22, 34), (41, 57)]
  DP00190       P38038                    2834      598      204      394     34.11    65.89      1     [(51, 255)]
  DP00191       P00747     Hs.143436      2862      810       11      799      1.36    98.64      10    [(383, 384), (388, 389), (390, 391), (399, 400), (401, 403), (422, 423), (425, 426), (442, 443), (448, 449), (452, 453)]
  DP00192       P02668      Bt.49421       39       190      182       8      95.79     4.21      1     [(0, 182)]
  DP00193       P02754       Bt.385       1037      178      178       0      100.0     0.0       1     [(0, 178)]
  DP00194       P0AFZ3                    325       165       55      110     33.33    66.67      1     [(110, 165)]
  DP00195       P02313      Bt.1758       167        89       89       0      100.0     0.0       1     [(0, 89)] 
  DP00196       P20810     Hs.436186      117       708      141      567     19.92    80.08      1     [(136, 277)]
  DP00197       P0A707                    1065      180       12      168      6.67    93.33      1     [(77, 89)]
  DP00198       P33905                    1737      234      234       0      100.0     0.0       1     [(0, 234)]
  DP00199       P05814      Hs.2242        48       226      226       0      100.0     0.0       1     [(0, 226)]
  DP00200      P20963-1    Hs.156445       49       164      113       51      68.9     31.1      1     [(51, 164)]
  DP00201       P02721       Bt.404       70.4      108       76       32     70.37    29.63      1     [(32, 108)]
  DP00202       P0A8H9                    540        65       29       36     44.62    55.38      2     [(0, 3), (39, 65)]
  DP00205       Q82S91                     60       117      117       0      100.0     0.0       1     [(0, 117)]
  DP00206       P17838                    2346      157       41      116     26.11    73.89      6     [(34, 37), (61, 64), (94, 97), (107, 116), (126, 132), (140, 157)]
  DP00207       P21513                    1301      1061     563      498     53.06    46.94      1     [(498, 1061)]
  DP00208       Q9S446                    1610      206       13      193      6.31    93.69      1     [(161, 174)]
  DP00209       P46170                    154        38       4        34     10.53    89.47      1     [(0, 4)]  
  DP00210       P62993     Hs.444356      1981      217       9       208      4.15    95.85      2     [(57, 59), (152, 159)]
  DP00211       P24592     Hs.274313      679       240       33      207     13.75    86.25      3     [(176, 184), (204, 211), (222, 240)]
  DP00213       P06180      Xl.48795      423       590       21      569      3.56    96.44      1     [(531, 552)]
  DP00214       P10451       Hs.313        39       314      314       0      100.0     0.0       1     [(0, 314)]
  DP00215       P42768      Hs.2157       643       501       33      468      6.59    93.41      2     [(229, 249), (479, 492)]
  DP00216       Q9FUM5                    100        65       65       0      100.0     0.0       1     [(0, 65)] 
  DP00217       P05221      Xl.1262       226       200       81      119      40.5     59.5      1     [(119, 200)]
  DP00218      Q90623-2     Gga.3159      2346      963      299      664     31.05    68.95      1     [(0, 299)]
  DP00219       O60927      Hs.82887      217       126      126       0      100.0     0.0       1     [(0, 126)]
  DP00220       P17810      Bt.12752      1280      345       63      282     18.26    81.74      1     [(282, 345)]
  DP00221       P07476     Hs.516439       50       585       60      525     10.26    89.74      2     [(195, 225), (335, 365)]
  DP00222       P32499                    972       720      720       0      100.0     0.0       1     [(0, 720)]
  DP00223       P14635      Hs.23960      1724      433       78      355     18.01    81.99      1     [(0, 78)] 
  DP00224       P15884     Hs.605153      710       667      130      537     19.49    80.51      1     [(0, 130)]
  DP00225       Q05140      Rn.11022      648       915      569      346     62.19    37.81      1     [(327, 896)]
  DP00226       Q9CXW3      Mm.10702      1087      229       78      151     34.06    65.94      2     [(47, 73), (177, 229)]
  DP00227       Q9FUW7                    169       280      280       0      100.0     0.0       1     [(0, 280)]
  DP00228       P07293      Ocu.1826      3428      1873      37      1836     1.98    98.02      1     [(723, 760)]
  DP00229       P05455     Hs.632535      2377      408      102      306      25.0     75.0      4     [(0, 8), (189, 194), (224, 230), (325, 408)]
  DP00230       Q14449     Hs.411881      1621      540       75      465     13.89    86.11      1     [(360, 435)]
  DP00231       P14859     Hs.493649      224       743      224      519     30.15    69.85      2     [(0, 200), (354, 378)]
  DP00232       P11845      Ocu.1811      296       205      205       0      100.0     0.0       1     [(0, 205)]
  DP00233      P14448-1    Gga.34280      1405      741      299      442     40.35    59.65      2     [(18, 44), (236, 509)]
  DP00234       Q02020     Gga.41812      1403      463       62      401     13.39    86.61      1     [(0, 62)] 
  DP00235       O93568      Gga.1165      1558      435       19      416      4.37    95.63      2     [(26, 29), (419, 435)]
  DP00236       P02686     Hs.551713       35       304      171      133     56.25    43.75      1     [(133, 304)]
  DP00237       P04370     Mm.252063       27       169      169       0      100.0     0.0       1     [(0, 169)]
  DP00238       P38398     Hs.194143      2421      1863     1507     356     80.89    19.11      5     [(169, 1649), (1754, 1758), (1772, 1777), (1798, 1804), (1811, 1823)]
  DP00239       P31896                    821       639       29      610      4.54    95.46      2     [(0, 27), (637, 639)]
  DP00240      P35611-1    Hs.183706      1429      737      308      429     41.79    58.21      1     [(429, 737)]
  DP00241      P35612-1    Hs.188528      1445      726      318      408      43.8     56.2      1     [(408, 726)]
  DP00242       P0AG63                    1043       83       83       0      100.0     0.0       1     [(0, 83)] 
  DP00243       P23025                    253       273       27      246      9.89    90.11      3     [(157, 158), (167, 179), (205, 219)]
  DP00245       P00514      Bt.10903      2333      379       22      357      5.8      94.2      1     [(90, 112)]
  DP00246      P21758-1     Bt.4482       3363      453       50      403     11.04    88.96      1     [(0, 50)] 
  DP00247       O06143                    2772      205       12      193      5.85    94.15      3     [(20, 21), (67, 73), (102, 107)]
  DP00248       Q9YBQ2                    3454      582       9       573      1.55    98.45      2     [(0, 8), (581, 582)]
  DP00249       P63315      Bt.49083      34.8      161       56      105     34.78    65.22      1     [(102, 158)]
  DP00250       P01555                    152       258       11      247      4.26    95.74      1     [(244, 255)]
  DP00251       O88339      Rn.30007      621       575      432      143     75.13    24.87      1     [(143, 575)]
  DP00252       P0A877                    1180      268       10      258      3.73    96.27      2     [(56, 64), (183, 185)]
  DP00253       P26645     Mm.477725       40       309      309       0      100.0     0.0       1     [(0, 309)]
  DP00254      O75365-1     Hs.43666      1085      173       34      139     19.65    80.35      3     [(0, 7), (68, 78), (156, 173)]
  DP00255       Q93096     Hs.227777      1102      173       49      124     28.32    71.68      3     [(0, 6), (24, 29), (135, 173)]
  DP00256       P40316                     16       373      110      263     29.49    70.51      1     [(0, 110)]
  DP00257       O31851                    1155      196       54      142     27.55    72.45      4     [(34, 39), (88, 125), (171, 177), (190, 196)]
  DP00259       P00703                    498       147       19      128     12.93    87.07      5     [(63, 66), (77, 80), (87, 92), (118, 125), (146, 147)]
  DP00260       P01106     Hs.202453      513       439      196      243     44.65    55.35      2     [(0, 167), (405, 434)]
  DP00261       Q9Y3R4     Hs.532681      1662      380       19      361      5.0      95.0      2     [(41, 48), (106, 118)]
  DP00262      Q16665-1    Hs.597216      1781      826      347      479     42.01    57.99      2     [(402, 698), (775, 826)]
  DP00263       P02693      Rn.91358      9.2       131       12      119      9.16    90.84      2     [(28, 36), (53, 57)]
  DP00265       P04925       Mm.648        77       254       98      156     38.58    61.42      1     [(22, 120)]
  DP00267      P08510-1     Dm.7088       4114      655       64      591      9.77    90.23      1     [(19, 83)]
  DP00268       P26747                     87       430      190      240     44.19    55.81      1     [(1, 191)]
  DP00269       Q24298      Dm.4731       4433      1507     158      1349    10.48    89.52      1     [(1349, 1507)]
  DP00270                  Mm.342177      1367      220       11      209      5.0      95.0      1     [(94, 105)]
  DP00271       P02699      Bt.12753      1671      348       47      301     13.51    86.49      4     [(132, 137), (206, 222), (235, 239), (326, 348)]
  DP00272      P35372-1     Hs.2353       2266      400       16      384      4.0      96.0      1     [(127, 143)]
  DP00273       P04695      Bt.4774       2010      350       11      339      3.14    96.86      1     [(339, 350)]
  DP00274      P02458-2    Hs.408182      341       1487      5       1482     0.34    99.66      1     [(70, 75)]
  DP00275       Q7CJN0                    839       806      195      611     24.19    75.81      1     [(20, 215)]
  DP00276       Q80FJ1                     1        125       30       95      24.0     76.0      1     [(1, 31)] 
  DP00277       Q12287                    197        69       32       37     46.38    53.62      2     [(0, 26), (63, 69)]
  DP00278       P08050      Rn.10346      562       381      111      270     29.13    70.87      3     [(249, 313), (325, 338), (347, 381)]
  DP00279       P08523      Rn.9720        15       163       43      120     26.38    73.62      3     [(34, 49), (56, 68), (83, 99)]
  DP00280       P0C2E9                    116       500       52      448      10.4     89.6      2     [(189, 217), (287, 311)]
  DP00282      Q04656-1    Hs.496414      5704      1500      23      1477     1.53    98.47      3     [(163, 168), (170, 180), (238, 246)]
  DP00284       P16009                    1232      575       19      556      3.3      96.7      1     [(342, 361)]
  DP00285       P10388                    35.0      839      294      545     35.04    64.96      1     [(146, 440)]
  DP00286      Q32NN2-1     Xl.55586      443       341       19      322      5.57    94.43      2     [(183, 189), (202, 215)]
  DP00287       P40337     Hs.517792      119       213      160       53     75.12    24.88      1     [(53, 213)]
  DP00288       Q06253                    1020       73       73       0      100.0     0.0       1     [(0, 73)] 
  DP00289       Q47785                     33       103       32       71     31.07    68.93      3     [(0, 3), (39, 46), (81, 103)]
  DP00290       Q7DB66                    1022      190       26      164     13.68    86.32      1     [(59, 85)]
  DP00291      Q9QXT8-1    Mm.315292      1863      256      192       64      75.0     25.0      1     [(64, 256)]
  DP00292       P0C5S4                    1027      114       21       93     18.42    81.58      4     [(16, 25), (44, 46), (85, 92), (111, 114)]
  DP00293       O33246                    136        64       49       15     76.56    23.44      5     [(0, 31), (32, 38), (40, 45), (49, 51), (59, 64)]
  DP00294       P07017                    2881      553       30      523      5.42    94.58      1     [(523, 553)]
  DP00295       P0A5R6                    6.4       249       16      233      6.43    93.57      1     [(233, 249)]
  DP00296       P0AE73                    1012       82       41       41      50.0     50.0      2     [(0, 3), (44, 82)]
  DP00297       P10415     Hs.150749      337       239       62      177     25.94    74.06      1     [(30, 92)]
  DP00298       Q07817     Hs.516966      342       233       70      163     30.04    69.96      3     [(27, 81), (100, 103), (196, 209)]
  DP00299       P0AE70                    1050      111       15       96     13.51    86.49      2     [(17, 27), (66, 71)]
  DP00300       P02942                    2809      551       31      520      5.63    94.37      1     [(520, 551)]
  DP00301       P0ABQ4                    1037      159       54      105     33.96    66.04      5     [(8, 24), (62, 72), (94, 96), (115, 132), (141, 150)]
  DP00302       Q7CL96                    1253      213       24      189     11.27    88.73      3     [(0, 9), (47, 53), (203, 212)]
  DP00303       P02185                    1092      153      153       0      100.0     0.0       1     [(0, 153)]
  DP00304       P31751     Hs.631535      3635      481       78      403     16.22    83.78      4     [(142, 146), (188, 202), (294, 313), (440, 481)]
  DP00305      P43155-1     Hs.12068      894       626       6       620      0.96    99.04      1     [(620, 626)]
  DP00306       Q07108     Hs.208854      2148      199       84      115     42.21    57.79      1     [(0, 84)] 
  DP00307       P51946     Hs.292524      1274      323       46      277     14.24    85.76      2     [(0, 10), (287, 323)]
  DP00308       P06132      Hs.78601      1260      367       30      337      8.17    91.83      4     [(0, 9), (57, 70), (99, 105), (365, 367)]
  DP00309      P00533-1    Hs.488293      4448      1210      26      1184     2.15    97.85      3     [(665, 671), (960, 978), (996, 998)]
  DP00310       P62495     Hs.483494      886       437       39      398      8.92    91.08      4     [(0, 4), (333, 342), (358, 369), (422, 437)]
  DP00311      P24071-1    Hs.659872      1837      287       18      269      6.27    93.73      3     [(20, 21), (76, 80), (216, 229)]
  DP00312       P36888     Hs.507590      2981      993       46      947      4.63    95.37      4     [(563, 571), (648, 654), (761, 782), (947, 958)]
  DP00313       P32455      Hs.62661      918       592       52      540      8.78    91.22      6     [(0, 5), (62, 73), (156, 166), (189, 193), (243, 256), (583, 592)]
  DP00314      Q9UJY5-1    Hs.499158      1010      639       83      556     12.99    87.01      3     [(140, 191), (236, 243), (301, 326)]
  DP00315      O43464-1    Hs.469045      2985      458       29      429      6.33    93.67      3     [(133, 138), (281, 290), (343, 358)]
  DP00317      P08581-1    Hs.132966      3103      1390      77      1313     5.54    94.46      9     [(24, 39), (301, 310), (377, 381), (400, 413), (564, 575), (1048, 1049), (1098, 1103), (1230, 1244), (1285, 1290)]
  DP00318       Q8WUM0      Hs.12457      218       1156      74      1082     6.4      93.6      5     [(66, 74), (162, 169), (201, 205), (251, 269), (477, 514)]
  DP00319      O15350-1    Hs.697294      169       636       21      615      3.3      96.7      2     [(486, 491), (548, 564)]
  DP00320       P05121     Hs.414795      1180      402       23      379      5.72    94.28      1     [(0, 23)] 
  DP00321       Q9UM07     Hs.522969      200       663      128      535     19.31    80.69      10    [(0, 1), (32, 65), (128, 135), (157, 171), (218, 223), (312, 319), (337, 348), (370, 402), (515, 521), (632, 644)]
  DP00322      P11309-2     Hs.81170      1202      313       23      290      7.35    92.65      2     [(13, 31), (308, 313)]
  DP00323      O75469-1     Hs.7303       1523      434       35      399      8.06    91.94      3     [(129, 141), (177, 197), (431, 434)]
  DP00324      P09651-1    Hs.546261      2604      371       32      339      8.63    91.37      3     [(0, 6), (90, 101), (180, 195)]
  DP00325       P01099                     56       166      166       0      100.0     0.0       1     [(0, 166)]
  DP00326       Q837V6                    1640      676       9       667      1.33    98.67      1     [(67, 76)]
  DP00327       O14832     Hs.498732      14.5      338       49      289      14.5     85.5      5     [(30, 42), (50, 52), (164, 172), (222, 233), (302, 318)]
  DP00328      Q08605-2     Dm.7610       1752      519      383      136      73.8     26.2      1     [(136, 519)]
  DP00329       P02666      Bt.53272       47       224      224       0      100.0     0.0       1     [(0, 224)]
  DP00330       P02662      Bt.59369       59       214      214       0      100.0     0.0       1     [(0, 214)]
  DP00332       P21815     Hs.518726       49       317      317       0      100.0     0.0       1     [(0, 317)]
  DP00333       P27797     Hs.515162      823       417      400       17     95.92     4.08      1     [(17, 417)]
  DP00334      Q00987-1    Hs.484551      909       491      112      379     22.81    77.19      2     [(0, 17), (209, 304)]
  DP00335      Q64364-1     Mm.4733        10       169       37      132     21.89    78.11      1     [(0, 37)] 
  DP00336      Q8N726-1    Hs.512599       10       173       37      136     21.39    78.61      1     [(0, 37)] 
  DP00337       P06968                    1025      152       16      136     10.53    89.47      1     [(136, 152)]
  DP00338       B0B1U2     Hs.654423      206       354       26      328      7.34    92.66      2     [(178, 194), (344, 354)]
  DP00339       P16442     Hs.654423      205       354       26      328      7.34    92.66      2     [(178, 194), (344, 354)]
  DP00340       P62965      Mm.34797      773       137       31      106     22.63    77.37      4     [(26, 36), (59, 67), (71, 76), (117, 125)]
  DP00341       Q02248     Mm.291928      2676      781       67      714      8.58    91.42      4     [(16, 48), (133, 149), (549, 562), (665, 671)]
  DP00342       P09883                    154       582       83      499     14.26    85.74      1     [(0, 83)] 
  DP00343      Q9Y6Q9-3    Hs.592142      1491      1412      71      1341     5.03    94.97      1     [(1017, 1088)]
  DP00344       P62152       Dm.577       1296      149       5       144      3.36    96.64      1     [(77, 82)]
  DP00345       P16535                    2158      953       70      883      7.35    92.65      1     [(883, 953)]
  DP00346       P07140      Dm.1179       1679      624       32      592      5.13    94.87      1     [(141, 173)]
  DP00347       P04972       Bt.54       100.0       87       87       0      100.0     0.0       1     [(0, 87)] 
  DP00348       P45481     Mm.132238      1627      2441      94      2347     3.85    96.15      1     [(2058, 2152)]
  DP00349       P06709                    1850      321       42      279     13.08    86.92      4     [(111, 128), (139, 146), (193, 199), (211, 223)]
  DP00350       Q56311                    1078      151       44      107     29.14    70.86      4     [(0, 9), (35, 49), (106, 123), (147, 151)]
  DP00351       Q27974      Bt.65042      1433      910      267      643     29.34    70.66      1     [(546, 813)]
  DP00352       O33599                    1573      316       36      280     11.39    88.61      4     [(199, 212), (236, 242), (280, 290), (298, 305)]
  DP00353       P23202                    1295      354       90      264     25.42    74.58      1     [(0, 90)] 
  DP00354       O50835                     16       354      150      204     42.37    57.63      1     [(55, 205)]
  DP00355       P02649     Hs.654439      329       317       51      266     16.09    83.91      3     [(18, 39), (99, 104), (184, 209)]
  DP00356      Q99967-1     Hs.82071       37       270       51      219     18.89    81.11      1     [(219, 270)]
  DP00357       P62328     Hs.522584      118        44       44       0      100.0     0.0       1     [(0, 44)] 
  DP00358       Q15185      Hs.50425      867       160       45      115     28.13    71.88      2     [(110, 125), (130, 160)]
  DP00359       A6Q0K5                   100.0       80       80       0      100.0     0.0       1     [(0, 80)] 
  DP00360      O14576-1    Hs.440364      4265      645      289      356     44.81    55.19      1     [(0, 289)]
  DP00361      Q23229-1    Cel.19778       13       417       23      394      5.52    94.48      3     [(0, 7), (28, 38), (189, 195)]
  DP00362       P08553     Mm.242832      1471      849      438      411     51.59    48.41      1     [(410, 848)]
  DP00363      Q16222-1    Hs.492859      825       522       17      505      3.26    96.74      1     [(453, 470)]
DP00363_A002   Q16222-2    Hs.492859      832       505       15      490      2.97    97.03      1     [(53, 68)]
  DP00364       Q15382     Hs.283521      1528      184       9       175      4.89    95.11      1     [(32, 41)]
  DP00365       P53041                    4029      499      129      370     25.85    74.15      1     [(18, 147)]
  DP00367       Q9RP19                    2520      211      211       0      100.0     0.0       1     [(0, 211)]
  DP00372       Q9NR00     Hs.591849       23       106      106       0      100.0     0.0       1     [(0, 106)]
  DP00373       P81058                     17        82       28       54     34.15    65.85      1     [(19, 47)]
  DP00374       P33120                    2329      226       17      209      7.52    92.48      1     [(129, 146)]
  DP00375       P50465                    1065      263       34      229     12.93    87.07      4     [(1, 5), (121, 128), (213, 224), (245, 257)]
  DP00376      Q9H2S9-1    Hs.553221      2829      585       23      562      3.93    96.07      1     [(559, 582)]
  DP00377       P45577                    271       232       54      178     23.28    76.72      1     [(124, 178)]
  DP00378       P08047     Hs.620754      2510      785       22      763      2.8      97.2      4     [(618, 625), (650, 655), (658, 663), (680, 685)]
  DP00379       P22868                    2552      348       35      313     10.06    89.94      3     [(98, 107), (130, 146), (162, 172)]
  DP00380       P38582                     23       111       17       94     15.32    84.68      1     [(57, 74)]
  DP00381       P35869     Hs.171189      1669      848      169      679     19.93    80.07      1     [(544, 713)]
  DP00382       O28362                    318       102       40       62     39.22    60.78      2     [(0, 16), (78, 102)]
  DP00383       P05091     Hs.632733      9.4       500       47      453      9.4      90.6      3     [(243, 272), (423, 425), (462, 478)]
  DP00384       P63158     Mm.207047      1711      215       61      154     28.37    71.63      3     [(1, 4), (81, 90), (166, 215)]
  DP00385      P49841-1    Hs.445733      3702      420       90      330     21.43    78.57      4     [(0, 34), (119, 126), (284, 299), (386, 420)]
  DP00386       P02647                    430       267       0       267      0.0     100.0      0     []        
DP00386_C001    P02647     Hs.633003      438       242       75      167     30.99    69.01      10    [(0, 44), (64, 66), (77, 81), (86, 89), (97, 99), (118, 121), (140, 145), (162, 166), (205, 209), (216, 220)]
  DP00387       P25814                    1027      116      116       0      100.0     0.0       1     [(0, 116)]
  DP00388       P28311     Mm.465152      143        92       14       78     15.22    84.78      3     [(60, 64), (68, 74), (88, 92)]
  DP00389       P09983                    6.0       1023      61      962      5.96    94.04      1     [(962, 1023)]
  DP00390      P17870-1     Bt.52082      777       418       73      345     17.46    82.54      3     [(281, 309), (332, 340), (356, 393)]
  DP00392       Q09161     Hs.595669      282       790       59      731      7.47    92.53      3     [(0, 26), (526, 537), (665, 687)]
  DP00393      P52298-1    Hs.591671      1359      156       79       77     50.64    49.36      3     [(0, 37), (76, 80), (118, 156)]
  DP00394       P04189                    2470      381       77      304     20.21    79.79      1     [(29, 106)]
  DP00395       P40136                     46       800       14      786      1.75    98.25      1     [(577, 591)]
  DP00396       O74718                    3167      662       58      604      8.76    91.24      3     [(195, 214), (279, 307), (324, 335)]
  DP00397       Q9ES89      Mm.41739      291       330       14      316      4.24    95.76      1     [(274, 288)]
  DP00398       P07342                    13.1      687       90      597      13.1     86.9      4     [(57, 83), (270, 279), (579, 595), (648, 687)]
  DP00399       P50097                    3837      503      170      333      33.8     66.2      4     [(101, 221), (313, 324), (412, 431), (483, 503)]
  DP00400       P60752                    2075      582      113      469     19.42    80.58      3     [(57, 63), (207, 236), (340, 418)]
  DP00401       P52477                    1808      383      129      254     33.68    66.32      2     [(23, 51), (282, 383)]
  DP00404       O00204     Hs.369331      2040      365       13      352      3.56    96.44      1     [(13, 26)]
DP00404_A002   O00204-2    Hs.369331      1709      350       63      287      18.0     82.0      2     [(0, 11), (298, 350)]
  DP00406       Q04637     Hs.433750      767       1599      12      1587     0.75    99.25      1     [(1426, 1438)]
  DP00407      P07363-1                   4132      654       65      589      9.94    90.06      2     [(123, 158), (227, 257)]
  DP00408      P63000-1    Hs.413812      1516      192       45      147     23.44    76.56      2     [(29, 38), (58, 94)]
  DP00410       P12497                    4323      1435      0       1435     0.0     100.0      0     []        
DP00410_C011    P12497                    1951      288       15      273      5.21    94.79      1     [(138, 153)]
  DP00412       P0A6G1                    1044       97       15       82     15.46    84.54      1     [(16, 31)]
  DP00414       P0ABS1                    1396      151       65       86     43.05    56.95      3     [(0, 34), (68, 74), (109, 134)]
  DP00415       P0ABE0                    1815      156       28      128     17.95    82.05      1     [(48, 76)]
  DP00416       P0A6A8                    1140       78       34       44     43.59    56.41      2     [(16, 36), (51, 65)]
  DP00418       P78504     Hs.224012      3616      1218     125      1093    10.26    89.74      1     [(1093, 1218)]
  DP00419       P03176                    158       376       60      316     15.96    84.04      3     [(33, 49), (145, 152), (250, 287)]
  DP00420       Q96T21      Hs.59804      748       854      679      175     79.51    20.49      2     [(0, 600), (775, 854)]
  DP00421       P07516      Bt.4706        46       202      202       0      100.0     0.0       1     [(0, 202)]
  DP00422       P0A6R3                    1733       98       25       73     25.51    74.49      1     [(0, 25)] 
  DP00423       P53551                    1086      258       82      176     31.78    68.22      1     [(170, 252)]
  DP00424       P04325                    608       116       55       61     47.41    52.59      1     [(61, 116)]
  DP00427       P0AFG8                    2741      887       85      802      9.58    90.42      3     [(1, 56), (401, 414), (541, 558)]
  DP00428       P53350     Hs.592049      3100      603       53      550      8.79    91.21      3     [(344, 372), (492, 507), (593, 603)]
  DP00429       P32170                    264       419       15      404      3.58    96.42      1     [(49, 64)]
  DP00430       P00942                    1102      248       11      237      4.44    95.56      1     [(165, 176)]
  DP00432       P11632                    1023       93       17       76     18.28    81.72      1     [(0, 17)] 
  DP00433       P03023                    2211      360       62      298     17.22    82.78      1     [(0, 62)] 
  DP00434       Q9SQZ9      At.26620      419       176       8       168      4.55    95.45      1     [(1, 9)]  
  DP00435       Q01853     Mm.245976      4948      806       24      782      2.98    97.02      2     [(468, 482), (587, 597)]
  DP00436       P50477                    1409      445       95      350     21.35    78.65      4     [(0, 45), (227, 244), (319, 333), (426, 445)]
  DP00437       P43351                    232       418       23      395      5.5      94.5      1     [(0, 23)] 
  DP00438       Q05158                    1422      194       48      146     24.74    75.26      1     [(67, 115)]
  DP00441      Q28181-4     Bt.5064        35       590      590       0      100.0     0.0       1     [(0, 590)]
  DP00443       Q14191     Hs.632050      5660      1432      24      1408     1.68    98.32      1     [(1068, 1092)]
  DP00444       P02489     Hs.184085      1366      173       30      143     17.34    82.66      1     [(143, 173)]
  DP00445       P02511                    1380      175       28      147      16.0     84.0      1     [(147, 175)]
  DP00446       O35718      Mm.3468       1228      225       36      189      16.0     84.0      1     [(127, 163)]
  DP00447       P12579                     10       241      140      101     58.09    41.91      2     [(0, 99), (200, 241)]
  DP00448       Q9Y613      Hs.95231      1152      1164      61      1103     5.24    94.76      1     [(1103, 1164)]
  DP00449      P53563-1     Rn.10323      343       233       55      178     23.61    76.39      2     [(30, 80), (100, 105)]
  DP00450       P80457      Bt.5403       3015      1332     119      1213     8.93    91.07      4     [(0, 2), (165, 223), (528, 570), (1315, 1332)]
  DP00455       P84092      Rn.3172       1362      435       40      395      9.2      90.8      4     [(141, 158), (222, 239), (255, 260), (420, 421)]
  DP00457       Q9Y3D6     Hs.423968      229       152       46      106     30.26    69.74      3     [(0, 10), (27, 31), (120, 152)]
  DP00458       P37727      Rn.10191      1571      650      155      495     23.85    76.15      6     [(65, 69), (107, 208), (342, 344), (532, 538), (601, 607), (614, 650)]
  DP00459       Q07960     Hs.138860      1572      439       34      405      7.74    92.26      1     [(197, 231)]
  DP00460       Q92838     Hs.105407      2795      391       6       385      1.53    98.47      1     [(311, 317)]
DP00460_A003   Q92838-3                   2598      389       4       385      1.03    98.97      1     [(311, 315)]
  DP00461       P08083                     44       387       30      357      7.75    92.25      1     [(39, 69)]
  DP00462       P11157       Mm.99        1118      390      101      289      25.9     74.1      2     [(0, 64), (353, 390)]
  DP00463      Q9Z0U4-1     Rn.30059      3850      991       67      924      6.76    93.24      1     [(28, 95)]
  DP00464       Q13485      Hs.75862      356       552       62      490     11.23    88.77      4     [(272, 284), (294, 311), (460, 486), (545, 552)]
  DP00465       Q57696                    1024       99       99       0      100.0     0.0       1     [(0, 99)] 
  DP00466       P04156     Hs.472010       74       253      104      149     41.11    58.89      2     [(22, 121), (166, 171)]
  DP00467       Q01484     Hs.620557      5034      1839     285      1554     15.5     84.5      1     [(1554, 1839)]
  DP00468       P25963      Hs.81328      3052      317      108      209     34.07    65.93      2     [(0, 66), (275, 317)]
  DP00469       O24646      At.20257      996       168       77       91     45.83    54.17      1     [(0, 77)] 
  DP00470       Q39532                    623       408       51      357      12.5     87.5      1     [(184, 235)]
  DP00471       Q6QCC2                    138       274       36      238     13.14    86.86      1     [(119, 155)]
  DP00472      P50542-3    Hs.567327      4081      631      324      307     51.35    48.65      1     [(0, 324)]
  DP00473       Q49AN0     Hs.532491      1650      593      103      490     17.37    82.63      1     [(490, 593)]
  DP00474       Q43125      At.27730      1669      681      176      505     25.84    74.16      1     [(505, 681)]
  DP00475       Q6Q547                    255        58       43       15     74.14    25.86      3     [(0, 4), (16, 38), (41, 58)]
  DP00482       Q08826                    1257      162       30      132     18.52    81.48      2     [(0, 28), (113, 115)]
  DP00483       Q8TFB8                    3328      685      253      432     36.93    63.07      1     [(0, 253)]
  DP00484       P96086                    5708      1071      48      1023     4.48    95.52      2     [(0, 38), (1061, 1071)]
  DP00485       Q9UBE0     Hs.515500      1837      346       27      319      7.8      92.2      2     [(177, 203), (345, 346)]
  DP00486       Q9UBT2     Hs.631580      1998      640      126      514     19.69    80.31      4     [(0, 3), (218, 237), (290, 304), (550, 640)]
  DP00487       P09938                    1138      399       68      331     17.04    82.96      3     [(0, 25), (145, 148), (359, 399)]
  DP00488       P49723                    1159      345       81      264     23.48    76.52      4     [(0, 10), (90, 99), (263, 274), (294, 345)]
  DP00489       P21793      Bt.23178      3457      360       25      335      6.94    93.06      2     [(30, 51), (356, 360)]
  DP00490       O88900      Rn.30028      1644      538       75      463     13.94    86.06      1     [(360, 435)]
  DP00491       Q62165                    229       893       0       893      0.0     100.0      0     []        
DP00491_C002    Q62165     Mm.477413       61       242       97      145     40.08    59.92      1     [(2, 99)] 
  DP00492      P10275-1    Hs.496240      3179      919      344      575     37.43    62.57      1     [(141, 485)]
  DP00499       Q9Z2F5      Rn.3946       2165      430       86      344      20.0     80.0      1     [(344, 430)]
  DP00500       Q8MWS6                    1448      466       60      406     12.88    87.12      1     [(283, 343)]
  DP00501       Q6IBA2     Hs.229641      290       127       60       67     47.24    52.76      1     [(0, 60)] 
  DP00502      P11912-1    Hs.631567      1580      226       61      165     26.99    73.01      1     [(165, 226)]
  DP00503      P40259-1     Hs.89575      1515      229       49      180      21.4     78.6      1     [(180, 229)]
  DP00504       P52434     Hs.432574       23       150       23      127     15.33    84.67      1     [(66, 89)]
  DP00505       P04234     Hs.504048      224       171       45      126     26.32    73.68      1     [(126, 171)]
  DP00506       P07766      Hs.3003       295       207       55      152     26.57    73.43      1     [(152, 207)]
  DP00508       P09693      Hs.2259       236       182       44      138     24.18    75.82      1     [(138, 182)]
  DP00509       P30273     Hs.433300       50        86       42       44     48.84    51.16      1     [(44, 86)]
  DP00510       O60356     Hs.513463       81        82       82       0      100.0     0.0       1     [(0, 82)] 
  DP00511       Q76LA1       Hs.695       481        98       67       31     68.37    31.63      1     [(0, 67)] 
  DP00512       P56210                    1038      133       12      121      9.02    90.98      1     [(77, 89)]
  DP00513       Q97ZL0                    1073      101       11       90     10.89    89.11      1     [(0, 11)] 
  DP00514       P34945                    1831      421      132      289     31.35    68.65      4     [(0, 111), (257, 267), (359, 368), (419, 421)]
  DP00515      P02768-1    Hs.418167      266       609       7       602      1.15    98.85      2     [(0, 4), (582, 585)]
  DP00516       P60472                    1066      253       12      241      4.74    95.26      1     [(71, 83)]
  DP00517      P52179-1    Hs.464469                1685      96      1589     5.7      94.3      1     [(835, 931)]
  DP00518       O54918     Mm.141083       17       140      113       27     80.71    19.29      1     [(0, 113)]
  DP00519      P25054-1    Hs.158932      749       2843     384      2459    13.51    86.49      1     [(1361, 1745)]
  DP00520      Q969F2-1    Hs.240951      572       451      217      234     48.12    51.88      1     [(0, 217)]
  DP00521       O95997     Hs.350966       40       202      202       0      100.0     0.0       1     [(0, 202)]
  DP00524      Q9NQC3-2    Hs.704007      575       373      233      140     62.47    37.53      2     [(0, 200), (335, 368)]
  DP00527       P02783      Rn.9942        5        112       91       21     81.25    18.75      1     [(21, 112)]
  DP00529       Q9KJ82                    207        76       32       44     42.11    57.89      1     [(0, 32)] 
  DP00530       P12950      Zm.92339      295       167      167       0      100.0     0.0       1     [(0, 167)]
  DP00531       Q08655     Les.17636       77       115      115       0      100.0     0.0       1     [(0, 115)]
  DP00532       Q8GT36                     26       103      103       0      100.0     0.0       1     [(0, 103)]
  DP00533       P06701                    1173      978      335      643     34.25    65.75      1     [(215, 550)]
  DP00534       Q9LZP9                    59.5      131       78       53     59.54    40.46      1     [(53, 131)]
  DP00535       A7UMX5      Mga.4801       94       996      996       0      100.0     0.0       1     [(0, 996)]
  DP00536       Q42512      At.20845       30       139       89       50     64.03    35.97      1     [(50, 139)]
  DP00537      O43236-1    Hs.287518      2846      478      119      359      24.9     75.1      1     [(0, 119)]
  DP00538       A8CDV5                     3        118      118       0      100.0     0.0       1     [(0, 118)]
  DP00539       P51608     Hs.200716      196       486      440       46     90.53     9.47      3     [(0, 102), (144, 330), (334, 486)]
  DP00540       Q9VPU8      Dm.2087       578       345      345       0      100.0     0.0       1     [(0, 345)]
  DP00541       Q91V27     Mm.105208      322       590      257      333     43.56    56.44      1     [(146, 403)]
  DP00543       Q14061     Hs.534383      184        63       17       46     26.98    73.02      1     [(0, 17)] 
  DP00544       B0FRH7                     71       120      120       0      100.0     0.0       1     [(0, 120)]
  DP00546      Q9NX55-1    Hs.631692      130       175      175       0      100.0     0.0       1     [(0, 175)]
  DP00549       O00488     Hs.477273      269       134      101       33     75.37    24.63      2     [(0, 60), (93, 134)]
  DP00550       P02628                    1645      108      108       0      100.0     0.0       1     [(0, 108)]
  DP00551       P16860     Hs.219140      134       134      102       32     76.12    23.88      1     [(0, 102)]
  DP00552       P0AFX7                    348       216       96      120     44.44    55.56      1     [(120, 216)]
  DP00553      Q9NZ94-1    Hs.438877      1726      848      118      730     13.92    86.08      1     [(730, 848)]
  DP00554      Q9C000-1    Hs.652273      4825      1473      20      1453     1.36    98.64      1     [(30, 50)]
  DP00555       Q16143      Hs.90297       54       134      134       0      100.0     0.0       1     [(0, 134)]
  DP00556      P12003-1     Gga.698       247       1066     135      931     12.66    87.34      1     [(754, 889)]
  DP00557       Q00955                    6327      2233      96      2137     4.3      95.7      2     [(1428, 1494), (2203, 2233)]
  DP00558      P49354-1    Hs.370312      2254      379       54      325     14.25    85.75      1     [(0, 54)] 
  DP00559       O66493                    1019      398       63      335     15.83    84.17      3     [(49, 56), (86, 117), (325, 350)]
  DP00560       Q02597                    4906      3163      0       3163     0.0     100.0      0     []        
DP00560_C007    Q02597                    140       192      192       0      100.0     0.0       1     [(0, 192)]
  DP00561       P28583      Gma.8437      3169      508       21      487      4.13    95.87      2     [(328, 342), (365, 372)]
  DP00562       Q9Y296     Hs.132760      553       219       13      206      5.94    94.06      2     [(86, 90), (123, 132)]
  DP00563       Q61337      Mm.4387        30       204      204       0      100.0     0.0       1     [(0, 204)]
  DP00564       Q6P8Z1     Mm.330057      102       170      170       0      100.0     0.0       1     [(0, 170)]
  DP00565       P63098     Hs.280604      1822      170       53      117     31.18    68.82      5     [(0, 16), (43, 53), (81, 87), (119, 128), (158, 170)]
  DP00566       P13102                    131       566       35      531      6.18    93.82      1     [(140, 175)]
  DP00567       Q07932                     3        112       18       94     16.07    83.93      1     [(58, 76)]
  DP00568       Q66SS1     Hs.270303      2291      422       16      406      3.79    96.21      1     [(63, 79)]
  DP00569       Q96IH6      Hs.63348      2500      347       18      329      5.19    94.81      1     [(279, 297)]
  DP00570       P09132     Hs.637001      373       144       10      134      6.94    93.06      1     [(118, 128)]
  DP00571       P39900      Hs.1695       2174      470       19      451      4.04    95.96      2     [(109, 116), (145, 157)]
  DP00573       P03305                    2017      2332      0       2332     0.0     100.0      0     []        
DP00573_C003    P03305                     22        85       60       25     70.59    29.41      2     [(0, 39), (64, 85)]
DP00573_C004    P03305                    324       218       8       210      3.67    96.33      2     [(0, 5), (129, 132)]
DP00573_C005    P03305                    345       220       42      178     19.09    80.91      1     [(0, 42)] 
DP00573_C006    P03305                    492       211       41      170     19.43    80.57      2     [(132, 158), (196, 211)]
  DP00574       P11831     Hs.520140      1137      508       45      463      8.86    91.14      1     [(92, 137)]
  DP00575       P77072                    118       212       51      161     24.06    75.94      4     [(0, 20), (145, 161), (177, 184), (204, 212)]
  DP00576      P54252-1    Hs.532632      308       376       43      333     11.44    88.56      2     [(78, 100), (143, 164)]
  DP00578       P0AG16                    3886      505       59      446     11.68    88.32      3     [(72, 84), (325, 350), (470, 492)]
  DP00579       Q6PBE3     Str.20553      503       296       75      221     25.34    74.66      2     [(0, 44), (265, 296)]
  DP00580       O24172                     18        50       17       33      34.0     66.0      1     [(33, 50)]
  DP00581       P11233      Hs.6906       1699      206       26      180     12.62    87.38      3     [(0, 10), (45, 49), (71, 83)]
  DP00582       P56552                     1         54       8        46     14.81    85.19      1     [(37, 45)]
  DP00583       P16006                    1167      193       21      172     10.88    89.12      1     [(62, 83)]
  DP00584       A2VD23      Dr.79127       8        613      613       0      100.0     0.0       1     [(0, 613)]
  DP00586       P01094                     4         68       68       0      100.0     0.0       1     [(0, 68)] 
  DP00587       Q9CQK7      Mm.28528      1046      243      243       0      100.0     0.0       1     [(0, 243)]
  DP00588       P27958                    3694      3011      0       3011     0.0     100.0      0     []        
DP00588_C001    P27958                    109       190       0       190      0.0     100.0      0     []        
DP00588_C002    P27958                    109       176       81       95     46.02    53.98      1     [(0, 81)] 
DP00588_C010    P27958                    144       448       13      435      2.9      97.1      3     [(0, 4), (14, 17), (25, 31)]
  DP00591       P15318                    2814      1706     701      1005    41.09    58.91      1     [(1005, 1706)]
  DP00592       P48539      Hs.80296       40        62       62       0      100.0     0.0       1     [(0, 62)] 
  DP00594       P49869                    3283      1073      0       1073     0.0     100.0      0     []        
DP00594_A002    P49869                    1762      551      216      335      39.2     60.8      1     [(0, 216)]
  DP00600       P60723                    1062      201       63      138     31.34    68.66      1     [(40, 103)]
  DP00605       Q24246      Dm.20780      3616      663       27      636      4.07    95.93      1     [(108, 135)]
  DP00606      P42759-1     At.24491      418       260      260       0      100.0     0.0       1     [(0, 260)]
  DP00607       Q16595      Hs.20685      61.9      210      130       80      61.9     38.1      1     [(80, 210)]
  DP00608       Q13573     Hs.445498      215       536       71      465     13.25    86.75      1     [(58, 129)]
  DP00609       O81283      At.24962      55.8      1503     839      664     55.82    44.18      1     [(0, 839)]
  DP00610       Q9SLF3      At.21953      37.7      1206     455      751     37.73    62.27      1     [(0, 455)]
  DP00611       P30291     Hs.249441      3037      646      292      354      45.2     54.8      1     [(0, 292)]
  DP00613       Q22472      Cel.6773       75       378      378       0      100.0     0.0       1     [(0, 378)]
  DP00614       Q07412                    1123      248       29      219     11.69    88.31      2     [(65, 80), (164, 178)]
  DP00615       Q9WMX2                    4407      3010      0       3010     0.0     100.0      0     []        
DP00615_C010    Q9WMX2                    156       447      398       49     89.04    10.96      3     [(0, 213), (249, 342), (355, 447)]
  DP00616       P02788     Hs.529517      693       710       22      688      3.1      96.9      1     [(37, 59)]
  DP00617       P60896                    158        70       70       0      100.0     0.0       1     [(0, 70)] 
  DP00618       P53954                    2.6       548       14      534      2.55    97.45      1     [(78, 92)]
  DP00619       Q58667                    1285      170       4       166      2.35    97.65      1     [(25, 29)]
  DP00620       Q68FT9      Rn.23954      1986      432       19      413      4.4      95.6      1     [(373, 392)]
  DP00621       P00736     Hs.524224      3911      705      113      592     16.03    83.97      1     [(192, 305)]
  DP00622       P63045      Rn.12939      824       116       92       24     79.31    20.69      1     [(0, 92)] 
  DP00623      P83949-1     Dm.21668      1305      389      268      121     68.89    31.11      2     [(0, 216), (234, 286)]
  DP00624       P35638     Hs.505777       14       169       53      116     31.36    68.64      1     [(115, 168)]
  DP00625       P45976                    196       327       26      301      7.95    92.05      1     [(79, 105)]
  DP00626       P0AG11                    1241      139      139       0      100.0     0.0       1     [(0, 139)]
DP00626_C001    P0AG11                    1056      115      115       0      100.0     0.0       1     [(0, 115)]
  DP00627       Q05323                     7        288       14      274      4.86    95.14      1     [(26, 40)]
  DP00628      P15309-1    Hs.433060      1291      386       39      347      10.1     89.9      1     [(247, 286)]
  DP00629       Q07097                     53       524      123      401     23.47    76.53      1     [(401, 524)]
  DP00630       O76070     Hs.349470       71       127      127       0      100.0     0.0       1     [(0, 127)]
  DP00631       P38634                     28       284       90      194     31.69    68.31      1     [(0, 90)] 
  DP00632       Q01844     Hs.374477      1668      656      264      392     40.24    59.76      1     [(0, 264)]
  DP00633       Q09472     Hs.517517      1655      2414     166      2248     6.88    93.12      1     [(400, 566)]
  DP00634       P15891                    2187      592       28      564      4.73    95.27      3     [(541, 556), (563, 569), (573, 580)]
  DP00635       P38753                    2098      452       60      392     13.27    86.73      1     [(216, 276)]
  DP00636       P17120                    2160      1184      71      1113     6.0      94.0      1     [(0, 71)] 
  DP00637       P01270      Hs.37045       50       115       34       81     29.57    70.43      1     [(31, 65)]
  DP00638       P04972       Bt.54        41.4       87       36       51     41.38    58.62      2     [(23, 45), (73, 87)]
  DP00640       Q89933                     66       525      125      400     23.81    76.19      1     [(400, 525)]
  DP00641       P51671      Hs.54460      1041       97       8        89      8.25    91.75      1     [(0, 8)]  
  DP00642       Q962Y6                    3920      598       2       596      0.33    99.67      1     [(595, 597)]
  DP00643       O43521     Hs.469658       16       198       0       198      0.0     100.0      0     []        
DP00643_A002   O43521-2    Hs.469658       17       138      111       27     80.43    19.57      1     [(0, 111)]
  DP00644       P22362      Hs.72918      1024       96       36       60      37.5     62.5      4     [(22, 32), (34, 43), (52, 60), (87, 96)]
  DP00645       Q91ZE9     Mm.210125       16       185      160       25     86.49    13.51      1     [(0, 160)]
  DP00646       Q01231     Mm.281816      534       358      105      253     29.33    70.67      1     [(250, 355)]
  DP00647       P31025     Hs.530311      1034      176       7       169      3.98    96.02      1     [(4, 11)] 
  DP00650       Q1PAB4                    545       101      101       0      100.0     0.0       1     [(0, 101)]
  DP00651       P03355                    4054      1738      0       1738     0.0     100.0      0     []        
DP00651_C007    P03355                    2516      408       12      396      2.94    97.06      1     [(206, 218)]
  DP00652       P00441     Hs.443914      1034      154       30      124     19.48    80.52      2     [(66, 79), (124, 141)]
  DP00653       A2AIM8     Mm.208601      1579      2541      41      2500     1.61    98.39      1     [(131, 172)]
  DP00654       Q9ZPI5                    4175      725       37      688      5.1      94.9      3     [(70, 82), (364, 368), (575, 596)]
  DP00655       P59113     Mm.209784      210       677      110      567     16.25    83.75      1     [(140, 250)]
  DP00656       P07674                    1701      358      107      251     29.89    70.11      2     [(0, 64), (251, 294)]
  DP00657       P31168      At.22974      452       265      265       0      100.0     0.0       1     [(0, 265)]
  DP00658       P42758      At.5388       425       193      193       0      100.0     0.0       1     [(0, 193)]
  DP00659       P16458                     6        385      153      232     39.74    60.26      1     [(232, 385)]
  DP00661       Q9CX60     Mm.478306       37       105       70       35     66.67    33.33      2     [(14, 38), (59, 105)]
  DP00662      Q8LBP4-1     At.10324      1425      462      124      338     26.84    73.16      1     [(338, 462)]
  DP00663       P81558                     28       171      171       0      100.0     0.0       1     [(0, 171)]
  DP00664       Q01417       Gma.38        77       173      173       0      100.0     0.0       1     [(0, 173)]
  DP00665       Q9XES8      Gma.168        11        89       89       0      100.0     0.0       1     [(0, 89)] 
  DP00666      P32004-1    Hs.522818      4816      1257     114      1143     9.07    90.93      1     [(1143, 1257)]
  DP00667       P42763      At.47606      320       185      185       0      100.0     0.0       1     [(0, 185)]
  DP00668       P19250                     9        189       11      178      5.82    94.18      1     [(0, 11)] 
  DP00669       P81019                    512       183       56      127      30.6     69.4      1     [(25, 81)]
  DP00670       Q29983     Hs.130838      2618      383       10      373      2.61    97.39      1     [(151, 161)]
  DP00671       Q61985      Mm.6743       287       741       98      643     13.23    86.77      1     [(0, 98)] 
  DP00672       Q92886                    696       237       61      176     25.74    74.26      1     [(89, 150)]
  DP00673       P06935                    3227      3430      0       3430     0.0     100.0      0     []        
DP00673_C001    P06935                     68       105       50       55     47.62    52.38      2     [(0, 24), (79, 105)]
  DP00674       Q69422                    3653      2864      0       2864     0.0     100.0      0     []        
DP00674_C001    Q69422                     20       156      155       1      99.36     0.64      1     [(1, 156)]
  DP00675       P19711                    3547      3988      0       3988     0.0     100.0      0     []        
DP00675_C002    P19711                     36       102      102       0      100.0     0.0       1     [(0, 102)]
  DP00676       P19243                    1496      158       53      105     33.54    66.46      1     [(0, 53)] 
  DP00677       P12810      Ta.24332      1113      151       42      109     27.81    72.19      1     [(0, 42)] 
  DP00678       P11171                    1146      864       64      800      7.41    92.59      1     [(800, 864)]
  DP00680       P82409                     22        34       15       19     44.12    55.88      2     [(0, 14), (33, 34)]
  DP00681       D0VWX1                     1         33       7        26     21.21    78.79      1     [(6, 13)] 
  DP00682       P15337     Mm.466618      860       341       35      306     10.26    89.74      2     [(100, 120), (145, 160)]
  DP00683       Q99801      Hs.55999      1564      234      184       50     78.63    21.37      1     [(0, 184)]
  DP00684       P03018                    2766      720       70      650      9.72    90.28      1     [(494, 564)]
  DP00685       Q98157                    1005       94       29       65     30.85    69.15      2     [(20, 44), (89, 94)]
  DP00686       Q9IH62                     59       602       22      580      3.65    96.35      2     [(235, 245), (578, 590)]
  DP00687       P08067                    5.6       215       12      203      5.58    94.42      1     [(80, 92)]
  DP00688       Q8ISF7                             18534     4166    14368    22.48    77.52      3     [(3545, 3795), (4626, 8512), (9325, 9355)]
  DP00689       P30185      At.20221      301       186      186       0      100.0     0.0       1     [(0, 186)]
  DP00690       Q91WR5      Mm.27085      1253      323       5       318      1.55    98.45      1     [(221, 226)]
  DP00691       P18754                    1919      421       52      369     12.35    87.65      3     [(1, 20), (197, 223), (414, 421)]
  DP00692       P63277                     78       210       0       210      0.0     100.0      0     []        
DP00692_A001    P63277                     78       180      180       0      100.0     0.0       1     [(0, 180)]
DP00692_A002    P63277                     13        59       57       2      96.61     3.39      2     [(1, 32), (33, 59)]
  DP00693       P45561                     78       173      172       1      99.42     0.58      1     [(1, 173)]
  DP00694       Q8N488                     57       228      228       0      100.0     0.0       1     [(0, 228)]
  DP00695       P96884                    1098      266       36      230     13.53    86.47      2     [(59, 81), (158, 172)]
  DP00696       Q9Y258     Hs.131342      1016       94       9        85      9.57    90.43      1     [(0, 9)]  
  DP00697       Q9IK92                     50       532      133      399      25.0     75.0      1     [(399, 532)]
  DP00698       O89339                     50       532      133      399      25.0     75.0      1     [(399, 532)]
  DP00699       Q9IK91                     67       709      406      303     57.26    42.74      1     [(0, 406)]
  DP00700       O55778                     67       707      404      303     57.14    42.86      1     [(0, 404)]
  DP00701       O66683                    449        88       83       5      94.32     5.68      1     [(4, 87)] 
  DP00702       P46937                    958       504       40      464      7.94    92.06      1     [(60, 100)]
  DP00703       B7T1D7                    1736      285       54      231     18.95    81.05      4     [(36, 43), (126, 137), (203, 204), (215, 250)]
  DP00704       P24522                    284       165       42      123     25.45    74.55      3     [(0, 16), (104, 118), (153, 165)]
  DP00705       P22943                     95       109      109       0      100.0     0.0       1     [(0, 109)]
  DP00706       Q15517                     21       529      112      417     21.17    78.83      1     [(59, 171)]
  DP00707       Q9UER7                     78       740       54      686      7.3      92.7      1     [(0, 54)] 
  DP00708       O35613                     83       739      174      565     23.55    76.45      1     [(565, 739)]
  DP00709       Q9Y3M2                     79       126       63       63      50.0     50.0      1     [(0, 63)] 
  DP00710        N/A                      1312      208       98      110     47.12    52.88      1     [(110, 208)]
  DP00711       Q80Y84                    1771      1544      51      1493     3.3      96.7      3     [(114, 128), (158, 164), (177, 208)]
  DP00712       Q9UGL1                    1831      1544      34      1510     2.2      97.8      3     [(114, 129), (158, 165), (187, 199)]
  DP00713       P29375                    2560      1690      72      1618     4.26    95.74      3     [(102, 116), (147, 154), (1608, 1659)]
  DP00714       Q9BP37                     1         88       88       0      100.0     0.0       1     [(0, 88)] 
  DP00715       Q9BP38                     2        171       54      117     31.58    68.42      1     [(0, 54)] 
  DP00716       P02545                    2341      664       0       664      0.0     100.0      0     []        
DP00716_C001    P02545                    1938      646       90      556     13.93    86.07      10    [(410, 430), (436, 440), (446, 450), (455, 467), (473, 477), (482, 493), (499, 510), (514, 524), (531, 536), (544, 553)]
  DP00717       P35521                    230       235      185       50     78.72    21.28      10    [(0, 23), (27, 34), (40, 43), (47, 52), (55, 62), (65, 76), (83, 106), (113, 118), (133, 168), (169, 235)]
  DP00718       P37231                    1820      505       0       505      0.0     100.0      0     []        
DP00718_A001   P37231-2                   1858      477      307      170     64.36    35.64      3     [(0, 211), (237, 298), (442, 477)]
  DP00719       Q13569                    849       410      182      228     44.39    55.61      2     [(0, 111), (339, 410)]
  DP00720       Q05344                    1405      723      723       0      100.0     0.0       1     [(0, 723)]
  DP00721       Q8IRG6                    1954      1083     156      927      14.4     85.6      1     [(888, 1044)]
  DP00722       P0AGE2                    1189      178       65      113     36.52    63.48      1     [(113, 178)]
  DP00723       Q9MAA7                    3334      345      345       0      100.0     0.0       1     [(0, 345)]
  DP00724       Q9LQT8                    797       533      103      430     19.32    80.68      1     [(10, 113)]
  DP00725       P41851                    435       165       47      118     28.48    71.52      2     [(43, 85), (147, 152)]
  DP00726       Q5UPJ7                    1320      346       42      304     12.14    87.86      2     [(129, 166), (229, 234)]
  DP00727       P16083                    1598      231       17      214      7.36    92.64      3     [(0, 4), (51, 60), (227, 231)]
  DP00728       P00760                    1273      246       41      205     16.67    83.33      4     [(17, 27), (144, 155), (186, 198), (216, 224)]
  DP00729       P00974                    1020      100       34       66      34.0     66.0      3     [(48, 73), (80, 87), (90, 92)]
  DP00730       P02631                    1556      109       66       43     60.55    39.45      3     [(0, 8), (41, 71), (81, 109)]
  DP00731       P00502                    1280      222       13      209      5.86    94.14      1     [(209, 222)]
  DP00732       Q00496                     34       1251      0       1251     0.0     100.0      0     []        
DP00732_C001    Q00496                     22       421       21      400      4.99    95.01      2     [(233, 244), (411, 421)]
  DP00733       P07602                    840       524       0       524      0.0     100.0      0     []        
DP00733_C004    P07602                    818        81       58       23      71.6     28.4      3     [(0, 3), (19, 67), (74, 81)]
  DP00734       O08785                    1764      855       45      810      5.26    94.74      2     [(88, 107), (222, 248)]
  DP00735       Q9WTL8                    1912      632       0       632      0.0     100.0      0     []        
DP00735_A004    Q9WTL8                    1953      626      107      519     17.09    82.91      5     [(126, 144), (210, 243), (253, 278), (291, 311), (322, 333)]
  DP00736       Q9UKV8                    1239      859      280      579      32.6     67.4      7     [(0, 31), (118, 126), (135, 229), (270, 276), (347, 450), (601, 609), (817, 847)]
  DP00738       Q9RHW0                    300       224       18      206      8.04    91.96      1     [(52, 70)]
  DP00741       P03040                    120        66       5        61      7.58    92.42      1     [(61, 66)]
  DP00742       Q99LM3      Mm.33452      825       459      357      102     77.78    22.22      2     [(0, 346), (448, 459)]
  DP00743       Q9SIN5       At.299        32       141       90       51     63.83    36.17      1     [(51, 141)]
  DP00744       Q7RIF3                    1149      349       86      263     24.64    75.36      2     [(0, 46), (309, 349)]
  DP00745       Q7RSH5                    1377      210       24      186     11.43    88.57      1     [(0, 24)] 
  DP00746       Q25733                    1987      2924      26      2898     0.89    99.11      2     [(604, 618), (742, 754)]
  DP00747       P01160      Hs.75640      144       153       0       153      0.0     100.0      0     []        
DP00747_C002    P01160      Hs.75640       71        28       28       0      100.0     0.0       1     [(0, 28)] 
  DP00748       P46108     Hs.461896      2778      304      156      148     51.32    48.68      4     [(0, 9), (64, 85), (120, 133), (191, 304)]
DP00748_A002    P46108     Hs.461896      2186      204      204       0      100.0     0.0       1     [(0, 204)]
